%YAML:1.0
---
type: IMU
name: t265_imu_calibration
Gyr:
   unit: " rad/s"
   avg-axis:
      gyr_n: 2.5193867831867596e-03
      gyr_w: 4.5546246409205507e-05
   x-axis:
      gyr_n: 2.3193033098990587e-03
      gyr_w: 6.1213150303434315e-05
   y-axis:
      gyr_n: 3.4083666343267759e-03
      gyr_w: 4.2002074639605506e-05
   z-axis:
      gyr_n: 1.8304904053344443e-03
      gyr_w: 3.3423514284576712e-05
Acc:
   unit: " m/s^2"
   avg-axis:
      acc_n: 1.8254636683617806e-02
      acc_w: 7.5996333604950040e-04
   x-axis:
      acc_n: 1.5748578082847738e-02
      acc_w: 5.2975964697124544e-04
   y-axis:
      acc_n: 1.9188652597425745e-02
      acc_w: 1.1395232388718827e-03
   z-axis:
      acc_n: 1.9826679370579931e-02
      acc_w: 6.1060712230537274e-04
