%YAML:1.0
---
type: IMU
name: BMI055
Gyr:
   unit: " rad/s"
   avg-axis:
      gyr_n: 3.6464845800613667e-03
      gyr_w: 3.7488111777633493e-05
   x-axis:
      gyr_n: 5.8685011091728313e-03
      gyr_w: 7.3033514416664312e-05
   y-axis:
      gyr_n: 3.4271110246238364e-03
      gyr_w: 2.7908625176593340e-05
   z-axis:
      gyr_n: 1.6438416063874323e-03
      gyr_w: 1.1522195739642818e-05
Acc:
   unit: " m/s^2"
   avg-axis:
      acc_n: 1.8808797512475713e-02
      acc_w: 4.7540450970930581e-04
   x-axis:
      acc_n: 1.7152923463457641e-02
      acc_w: 3.6640744312554994e-04
   y-axis:
      acc_n: 1.9057449892740674e-02
      acc_w: 7.1752058386858448e-04
   z-axis:
      acc_n: 2.0216019181228832e-02
      acc_w: 3.4228550213378307e-04
